{
  "asset": {
    "version": "2.0",
    "generator": "THREE.GLTFExporter"
  },
  "scenes": [
    {
      "nodes": [
        0
      ]
    }
  ],
  "scene": 0,
  "nodes": [
    {
      "children": [
        3816
      ],
      "matrix": [
        0.01,
        0,
        0,
        0,
        0,
        0.01,
        0,
        0,
        0,
        0,
        0.01,
        0,
        0,
        0,
        0,
        1
      ]
    },
    {
      "matrix": [
        2,
        0,
        0,
        0,
        0,
        2,
        0,
        0,
        0,
        0,
        2,
        0,
        14.737060401507534,
        247.08700435149626,
        0,
        1
      ],
      "name": "Cylinder",
      "mesh": 0
    },
    {
      "matrix": [
        0.5883484054145521,
        0.39223227027636803,
        -0.7071067811865475,
        0,
        -0.554700196225229,
        0.8320502943378437,
        0,
        0,
        0.588348405414552,
        0.392232270276368,
        0.7071067811865476,
        0,
        0,
        0,
        0,
        1
      ],
      "name": "Directional Light",
      "extensions": {
        "KHR_lights_punctual": {
          "light": 0
        }
      }
    },
    {
      "matrix": [
        -0.7581049750853555,
        0,
        -0.652132537718241,
        0,
        -0.14056082978989454,
        0.9764949501604869,
        0.16340215861439641,
        0,
        0.6368041299172056,
        0.2155402800199259,
        -0.7402856798623914,
        0,
        1792.7531072366946,
        1261.865749097719,
        -2074.012909852674,
        1
      ],
      "camera": 0
    },
    {
      "matrix": [
        1,
        0,
        0,
        0,
        0,
        1,
        0,
        0,
        0,
        0,
        1,
        0,
        0,
        1,
        0,
        1
      ],
      "name": "Default Ambient Light"
    },
    {
      "matrix": [
        0.30989580836812625,
        0.9256387385790248,
        -0.21715780805142015,
        0,
        -0.7580475398637672,
        0.37840841116686597,
        0.5311977048751797,
        0,
        0.5738715145939516,
        0,
        0.8189453490542846,
        0,
        -1827,
        457.2773375319908,
        -1540.0000000000002,
        1
      ],
      "mesh": 0
    },
    {
      "matrix": [
        0.3374574516326019,
        0.9132246170563108,
        -0.2283490029318824,
        0,
        -0.7563370631895061,
        0.4074564992761247,
        0.5117943415508992,
        0,
        0.5604254769222249,
        -5.551115123125783e-17,
        0.8282048567935936,
        0,
        -1827,
        445.0632880119779,
        -1430.0000000000002,
        1
      ],
      "mesh": 0
    },
    {
      "matrix": [
        0.31936054051790674,
        0.9214726232695158,
        -0.22112677297176725,
        0,
        -0.757593162167929,
        0.38844330933200155,
        0.5245611461703974,
        0,
        0.5692639509019595,
        5.551115123125783e-17,
        0.8221548237427617,
        0,
        -1827,
        453.07642809433435,
        -1320.0000000000002,
        1
      ],
      "mesh": 0
    },
    {
      "matrix": [
        0.25576779631309,
        0.9475081374681023,
        -0.1918623563935194,
        0,
        -0.7579545741743337,
        0.31973165222062105,
        0.5685741236254747,
        0,
        0.6000730770975735,
        5.551115123125783e-17,
        0.7999451869613627,
        0,
        -1827,
        481.492087768984,
        -1210.0000000000002,
        1
      ],
      "mesh": 0
    },
    {
      "matrix": [
        0.18267969864336098,
        0.9716206450072916,
        -0.1502712544007849,
        0,
        -0.7503676144776593,
        0.23654454590122054,
        0.6172480222305229,
        0,
        0.6352767671233361,
        0,
        0.7722845519323318,
        0,
        -1827,
        514.9892350768929,
        -1100.0000000000002,
        1
      ],
      "mesh": 0
    },
    {
      "matrix": [
        0.13068790208803804,
        0.9847381631553974,
        -0.11494095124524162,
        0,
        -0.7394369387019551,
        0.17404237996917193,
        0.6503401138310224,
        0,
        0.6604193258308756,
        0,
        0.750897006299194,
        0,
        -1827,
        539.6852321524889,
        -990.0000000000001,
        1
      ],
      "mesh": 0
    },
    {
      "matrix": [
        0.06047710827619435,
        0.9964573750702969,
        -0.058439875449586565,
        0,
        -0.7165675458281794,
        0.0840993440403296,
        0.6924292401377677,
        0,
        0.6948909782407091,
        0,
        0.7191151009119962,
        0,
        -1827,
        574.766057907629,
        -880.0000000000001,
        1
      ],
      "mesh": 0
    },
    {
      "matrix": [
        -0.01181425573831496,
        0.9998498057326708,
        0.01268027356528395,
        0,
        -0.6815783169308163,
        -0.017331069682531064,
        0.7315399045256624,
        0,
        0.7316497941304334,
        0,
        0.6816807014643251,
        0,
        -1827,
        614.0210802409896,
        -770.0000000000001,
        1
      ],
      "mesh": 0
    },
    {
      "matrix": [
        -0.038370424522064184,
        0.9983404784270131,
        0.04294181710313577,
        0,
        -0.665195175064895,
        -0.057587230651617416,
        0.7444454915816614,
        0,
        0.7456829685545865,
        -5.551115123125783e-17,
        0.6663009158087805,
        0,
        -1827,
        629.5973861947829,
        -660.0000000000001,
        1
      ],
      "mesh": 0
    },
    {
      "matrix": [
        -0.11189318772842194,
        0.9834111065857083,
        0.14276732813863474,
        0,
        -0.60662971061611,
        -0.1813907259037033,
        0.7740140817542935,
        0,
        0.7870707139373099,
        5.551115123125783e-17,
        0.6168627815504946,
        0,
        -1827,
        677.8418373810439,
        -550.0000000000001,
        1
      ],
      "mesh": 0
    },
    {
      "matrix": [
        -0.14946683561631624,
        0.9668799782492757,
        0.2068883097507559,
        0,
        -0.5662173473699091,
        -0.25523147858498874,
        0.7837440959118631,
        0,
        0.8105908836078952,
        -5.551115123125783e-17,
        0.5856128579631527,
        0,
        -1827,
        707.1047123625569,
        -440,
        1
      ],
      "mesh": 0
    },
    {
      "matrix": [
        -0.16789973087562782,
        0.9552881463065473,
        0.243380849489216,
        0,
        -0.5424599347441458,
        -0.2956764406005332,
        0.786328596498421,
        0,
        0.8231323706241112,
        5.551115123125783e-17,
        0.5678495403103986,
        0,
        -1827,
        723.3728067056702,
        -330,
        1
      ],
      "mesh": 0
    },
    {
      "matrix": [
        -0.1505543032528358,
        0.9662713845092051,
        0.20893303532643442,
        0,
        -0.5648996492433617,
        -0.2575259433118613,
        0.7839443697138612,
        0,
        0.8113086885130592,
        0,
        0.5846180051479939,
        0,
        -1827,
        708.0225017334218,
        -220,
        1
      ],
      "mesh": 0
    },
    {
      "matrix": [
        -0.09775326203601953,
        0.987785994111732,
        0.1213389038932487,
        0,
        -0.6196982177143291,
        -0.15581665455495353,
        0.7692173224290952,
        0,
        0.7787287195955994,
        5.551115123125783e-17,
        0.627360806296503,
        0,
        -1827,
        667.8101692232289,
        -110,
        1
      ],
      "mesh": 0
    },
    {
      "matrix": [
        -0.039893435198555594,
        0.9982010626975067,
        0.04475658898561441,
        0,
        -0.6641892713384215,
        -0.05995530359833556,
        0.7451563415883733,
        0,
        0.7464992469299588,
        0,
        0.6653862595012047,
        0,
        -1827,
        630.514544332746,
        0,
        1
      ],
      "mesh": 0
    },
    {
      "matrix": [
        -0.03732369477981967,
        0.9984328064430616,
        0.0416997940788032,
        0,
        -0.6658821572558868,
        -0.05596365801331893,
        0.7439549862928634,
        0,
        0.745122737846745,
        0,
        0.6669273615198066,
        0,
        -1827,
        628.9686469452389,
        110,
        1
      ],
      "mesh": 0
    },
    {
      "matrix": [
        -0.05359785301910902,
        0.9966666206661865,
        0.06150542578981322,
        0,
        -0.6547901818959372,
        -0.08158215031392735,
        0.7513948166196261,
        0,
        0.7539078775582783,
        0,
        0.6569801459371297,
        0,
        -1827,
        638.8973576666309,
        220,
        1
      ],
      "mesh": 0
    },
    {
      "matrix": [
        -0.022993685910908335,
        0.9994202001419312,
        0.025110833448783287,
        0,
        -0.6749407157215008,
        -0.03404795953154949,
        0.7370859968233598,
        0,
        0.7375136071080849,
        0,
        0.6753322732776965,
        0,
        -1827,
        620.486572728391,
        330,
        1
      ],
      "mesh": 0
    },
    {
      "matrix": [
        0.03309877043250664,
        0.9988991730104992,
        -0.033240239993069964,
        0,
        -0.7048205137914647,
        0.04690887079157491,
        0.7078330319925703,
        0,
        0.7086130924098086,
        0,
        0.7055972542927078,
        0,
        -1827,
        589.1768752444057,
        440,
        1
      ],
      "mesh": 0
    },
    {
      "matrix": [
        0.08740498063055846,
        0.9928407094656153,
        -0.08141065648172408,
        0,
        -0.7265148077073573,
        0.11944591088778878,
        0.6766896693124022,
        0,
        0.6815692213876103,
        0,
        0.7317536446489943,
        0,
        -1827,
        561.027872371231,
        550.0000000000002,
        1
      ],
      "mesh": 0
    },
    {
      "matrix": [
        0.09939592931839636,
        0.9908687172145879,
        -0.09110232972020882,
        0,
        -0.7304617989322361,
        0.1348302089500616,
        0.6695120425019736,
        0,
        0.6756818848656623,
        5.551115123125783e-17,
        0.7371933196010297,
        0,
        -1827,
        555.0310853663209,
        660.0000000000002,
        1
      ],
      "mesh": 0
    },
    {
      "matrix": [
        0.04986265525520994,
        0.9975582318434926,
        -0.048900814841725704,
        0,
        -0.7122159922893074,
        0.06983963116515335,
        0.6984774915815632,
        0,
        0.7001871863568038,
        0,
        0.7139593154107191,
        0,
        -1827,
        580.2957700824282,
        770.0000000000002,
        1
      ],
      "mesh": 0
    },
    {
      "matrix": [
        0.02169420362940011,
        0.9995192898146015,
        -0.022148381823537733,
        0,
        -0.6994077351516821,
        0.03100305289024119,
        0.7140501598077544,
        0,
        0.7143935760761576,
        5.551115123125783e-17,
        0.6997441092721819,
        0,
        -1827,
        595.3313090402123,
        880.0000000000002,
        1
      ],
      "mesh": 0
    },
    {
      "matrix": [
        -0.01389421731151419,
        0.9997915456351814,
        0.014960481333022468,
        0,
        -0.6803708315092003,
        -0.020417278869019118,
        0.7325835558863332,
        0,
        0.7327362979659053,
        -5.551115123125783e-17,
        0.6805126873491927,
        0,
        -1827,
        615.2145202901487,
        990.0000000000002,
        1
      ],
      "mesh": 0
    },
    {
      "matrix": [
        -0.08945072625366102,
        0.9899736492711159,
        0.10931944621851197,
        0,
        -0.6269203924536707,
        -0.14125216369609905,
        0.7661714219265203,
        0,
        0.7739311268442612,
        -5.551115123125783e-17,
        0.6332697773473577,
        0,
        -1827,
        662.115852123999,
        1100.0000000000002,
        1
      ],
      "mesh": 0
    },
    {
      "matrix": [
        -0.1550889546146217,
        0.9636385419293614,
        0.2175963617912719,
        0,
        -0.5592984446904237,
        -0.26720920737926335,
        0.7847193697485866,
        0,
        0.8143295806511126,
        5.551115123125783e-17,
        0.5804027343806911,
        0,
        -1827,
        711.9022968593093,
        1210.0000000000002,
        1
      ],
      "mesh": 0
    },
    {
      "matrix": [
        -0.19277421601021816,
        0.9340852656361773,
        0.3005375486741009,
        0,
        -0.5043202488933083,
        -0.35705001963505323,
        0.7862419284385687,
        0,
        0.8417239382349992,
        0,
        0.5399081512647896,
        0,
        -1827,
        748.4823416529027,
        1320.0000000000002,
        1
      ],
      "mesh": 0
    },
    {
      "matrix": [
        -0.2057174003574891,
        0.9192748930796191,
        0.3355801277543284,
        0,
        -0.4804448262534668,
        -0.39361614671333633,
        0.7837340735050514,
        0,
        0.8525568134244383,
        0,
        0.5226345567254115,
        0,
        -1827,
        763.7365790855665,
        1430.0000000000002,
        1
      ],
      "mesh": 0
    },
    {
      "matrix": [
        -0.18385383741374484,
        0.9425995525709183,
        0.27875410303947973,
        0,
        -0.5189800304411043,
        -0.33392526632931596,
        0.7868631675903035,
        0,
        0.8347799078030034,
        -5.551115123125783e-17,
        0.5505837861110779,
        0,
        -1827,
        738.9545666942208,
        1540.0000000000002,
        1
      ],
      "mesh": 0
    },
    {
      "matrix": [
        -0.14915168198832052,
        0.9670547509330817,
        0.2062980476345102,
        0,
        -0.5665974249801916,
        -0.25456847545946415,
        0.7836850447137936,
        0,
        0.8103833252022596,
        0,
        0.5859000479895259,
        0,
        -1827,
        706.8396174164044,
        1650.0000000000002,
        1
      ],
      "mesh": 0
    },
    {
      "matrix": [
        0.3842665658731228,
        0.8901652147176422,
        -0.24483687806123297,
        0,
        -0.7507293282141454,
        0.4556378940635799,
        0.47832999618719696,
        0,
        0.5373496832707868,
        0,
        0.8433595424780496,
        0,
        -1798,
        424.4088134346371,
        -1540.0000000000002,
        1
      ],
      "mesh": 0
    },
    {
      "matrix": [
        0.40400418814652317,
        0.8796885209479097,
        -0.2508559787458685,
        0,
        -0.7473401496366254,
        0.4755503192223499,
        0.46404158717579114,
        0,
        0.527506698252425,
        0,
        0.849550871519078,
        0,
        -1798,
        415.709276065976,
        -1430.0000000000002,
        1
      ],
      "mesh": 0
    },
    {
      "matrix": [
        0.36617126028796465,
        0.8993757400441973,
        -0.23883443294273135,
        0,
        -0.753301150011066,
        0.4371764840655915,
        0.4913390877714217,
        0,
        0.5463112533447658,
        0,
        0.8375822434059064,
        0,
        -1798,
        432.38573866724516,
        -1320.0000000000002,
        1
      ],
      "mesh": 0
    },
    {
      "matrix": [
        0.30430133565558204,
        0.9280535757975045,
        -0.214749290028383,
        0,
        -0.7582505799559794,
        0.372446721625343,
        0.5351069963539583,
        0,
        0.5765906304429944,
        0,
        0.8170331969298128,
        0,
        -1798,
        459.76423517931437,
        -1210.0000000000002,
        1
      ],
      "mesh": 0
    },
    {
      "matrix": [
        0.23276093742809068,
        0.9557829128153807,
        -0.17972581778292882,
        0,
        -0.7565087768889323,
        0.29407316023422825,
        0.5841364968223312,
        0,
        0.611160221625727,
        0,
        0.7915069067938649,
        0,
        -1798,
        491.9159177027525,
        -1100.0000000000002,
        1
      ],
      "mesh": 0
    },
    {
      "matrix": [
        0.1879293308470742,
        0.9701038203386849,
        -0.15356153285135987,
        0,
        -0.7512083009556758,
        0.24269029186246482,
        0.6138301970504532,
        0,
        0.6327469124244364,
        -5.551115123125783e-17,
        0.7743586667800281,
        0,
        -1798,
        512.5417883153872,
        -990.0000000000001,
        1
      ],
      "mesh": 0
    },
    {
      "matrix": [
        0.11918510628539347,
        0.9871528554024247,
        -0.10641499194464649,
        0,
        -0.7363553567348065,
        0.15977872220930944,
        0.6574584006133897,
        0,
        0.6660147889106485,
        5.551115123125783e-17,
        0.745938536980296,
        0,
        -1798,
        545.2785323451684,
        -880.0000000000001,
        1
      ],
      "mesh": 0
    },
    {
      "matrix": [
        0.02182060093856575,
        0.9995137618375226,
        -0.022273330960678517,
        0,
        -0.6994694732211736,
        0.031180761655290823,
        0.7139819438433228,
        0,
        0.7143292779988608,
        5.551115123125783e-17,
        0.6998097474268462,
        0,
        -1798,
        595.2625679247798,
        -770.0000000000001,
        1
      ],
      "mesh": 0
    },
    {
      "matrix": [
        -0.00640286195284423,
        0.9999562742984247,
        0.006815632767865565,
        0,
        -0.6846624418316563,
        -0.009351443269013826,
        0.7288003095868583,
        0,
        0.7288321782851844,
        0,
        0.6846923804863562,
        0,
        -1798,
        610.9356191659612,
        -660.0000000000001,
        1
      ],
      "mesh": 0
    },
    {
      "matrix": [
        -0.06295263561610875,
        0.995314133896192,
        0.07339441760419141,
        0,
        -0.647997770680916,
        -0.09669423388430665,
        0.7554793937137463,
        0,
        0.7590361354122399,
        5.551115123125783e-17,
        0.6510484967638369,
        0,
        -1798,
        644.7635808072414,
        -550.0000000000001,
        1
      ],
      "mesh": 0
    },
    {
      "matrix": [
        -0.1040357750604477,
        0.9859477523618715,
        0.1307041970257486,
        0,
        -0.614016160545107,
        -0.16705397215443218,
        0.7714124221043318,
        0,
        0.7824069990082001,
        0,
        0.622767442873327,
        0,
        -1798,
        672.212646249087,
        -440,
        1
      ],
      "mesh": 0
    },
    {
      "matrix": [
        -0.12538202981914326,
        0.978381192474215,
        0.16446759197837318,
        0,
        -0.5931609296138687,
        -0.20680967630343905,
        0.7780680364639572,
        0,
        0.795260622801131,
        -5.551115123125783e-17,
        0.6062677146458959,
        0,
        -1798,
        687.8604593178171,
        -330,
        1
      ],
      "mesh": 0
    },
    {
      "matrix": [
        -0.11566269230924475,
        0.9820948503540782,
        0.1487005262794237,
        0,
        -0.6029697667969486,
        -0.18838711449565926,
        0.775201751430447,
        0,
        0.7893349111350707,
        0,
        0.6139628637494208,
        0,
        -1798,
        680.5943253306899,
        -220,
        1
      ],
      "mesh": 0
    },
    {
      "matrix": [
        -0.07273274824869347,
        0.9936151322280757,
        0.08624915268903,
        0,
        -0.6405478537653193,
        -0.11282273267113951,
        0.7595850696460927,
        0,
        0.7644660845118213,
        0,
        0.6446639478295376,
        0,
        -1798,
        651.033945351773,
        -110,
        1
      ],
      "mesh": 0
    },
    {
      "matrix": [
        -0.033147483923706256,
        0.9987732557518431,
        0.03678624613073683,
        0,
        -0.6685881782099162,
        -0.04951750796297727,
        0.7419823881758123,
        0,
        0.7428937287845907,
        5.551115123125783e-17,
        0.6694093723070562,
        0,
        -1798,
        626.4728817215125,
        0,
        1
      ],
      "mesh": 0
    },
    {
      "matrix": [
        -0.0382643576406092,
        0.9983499631811914,
        0.042815767544974404,
        0,
        -0.6652649490903344,
        -0.05742256539126189,
        0.7443958600742759,
        0,
        0.745626170709013,
        0,
        0.6663644750088451,
        0,
        -1798,
        629.5336158232491,
        110,
        1
      ],
      "mesh": 0
    },
    {
      "matrix": [
        -0.02707050230289898,
        0.9991906368103343,
        0.029753305961314813,
        0,
        -0.6724280805102156,
        -0.04022525712234626,
        0.7390686065791108,
        0,
        0.7396672660368417,
        -5.551115123125783e-17,
        0.672972759889718,
        0,
        -1798,
        622.8765655969314,
        220,
        1
      ],
      "mesh": 0
    },
    {
      "matrix": [
        0.0025476728059398157,
        0.9999931754185718,
        -0.0026755335085573706,
        0,
        -0.6895859759217131,
        0.003694471042184344,
        0.7241944025576399,
        0,
        0.7241993449150395,
        -5.551115123125783e-17,
        0.6895906820894753,
        0,
        -1798,
        605.8915963175855,
        330,
        1
      ],
      "mesh": 0
    },
    {
      "matrix": [
        0.0320845476603967,
        0.998964125302777,
        -0.03226853203177493,
        0,
        -0.7043519163075784,
        0.04550468501218252,
        0.7083909243036534,
        0,
        0.7091254894553362,
        0,
        0.7050822932145793,
        0,
        -1798,
        589.7203588302965,
        440,
        1
      ],
      "mesh": 0
    },
    {
      "matrix": [
        0.08104065781091185,
        0.9937986960696741,
        -0.07613516580260415,
        0,
        -0.724301221883275,
        0.11119420708928751,
        0.680458366315074,
        0,
        0.6847044265666532,
        0,
        0.7288208615565491,
        0,
        -1798,
        564.2396819510499,
        550.0000000000002,
        1
      ],
      "mesh": 0
    },
    {
      "matrix": [
        0.09261303040798197,
        0.9920107358147561,
        -0.08565936391847012,
        0,
        -0.7282646649872848,
        0.12615347806646748,
        0.6735843508445631,
        0,
        0.679009134201896,
        5.551115123125783e-17,
        0.7341298220821653,
        0,
        -1798,
        558.414730000446,
        660.0000000000002,
        1
      ],
      "mesh": 0
    },
    {
      "matrix": [
        0.05146328314236359,
        0.9974044549438836,
        -0.05035755897880406,
        0,
        -0.712888320247075,
        0.072002453139423,
        0.6975714225777956,
        0,
        0.6993867123012227,
        0,
        0.7147434691247532,
        0,
        -1798,
        579.4574429389857,
        770.0000000000002,
        1
      ],
      "mesh": 0
    },
    {
      "matrix": [
        0.029434831022277508,
        0.9991248777435169,
        -0.029716483585592313,
        0,
        -0.7031160204218849,
        0.04182676982511091,
        0.7098439146404573,
        0,
        0.7104656589510725,
        0,
        0.7037318718455335,
        0,
        -1798,
        591.1437166514486,
        880.0000000000002,
        1
      ],
      "mesh": 0
    },
    {
      "matrix": [
        -0.005754175556809793,
        0.9999647224593182,
        0.006119093112536722,
        0,
        -0.6850266516274985,
        -0.008399633138327145,
        0.7284695825655036,
        0,
        0.728495282087454,
        0,
        0.6850508185356186,
        0,
        -1798,
        610.5676044781192,
        990.0000000000002,
        1
      ],
      "mesh": 0
    },
    {
      "matrix": [
        -0.08280765194119732,
        0.9915378221463426,
        0.09997819778968614,
        0,
        -0.6324765111425293,
        -0.12981813145045695,
        0.763623412160527,
        0,
        0.7701404778564491,
        -5.551115123125783e-17,
        0.6378743170617863,
        0,
        -1798,
        657.6538918064439,
        1100.0000000000002,
        1
      ],
      "mesh": 0
    },
    {
      "matrix": [
        -0.1518276590646228,
        0.9655477308859347,
        0.21134318376512362,
        0,
        -0.563344334179141,
        -0.2602260159573253,
        0.7841719083002385,
        0,
        0.8121524013947237,
        -5.551115123125783e-17,
        0.5834453504046316,
        0,
        -1798,
        709.1032795178128,
        1210.0000000000002,
        1
      ],
      "mesh": 0
    },
    {
      "matrix": [
        -0.18961635751583739,
        0.9372356222012425,
        0.2926346278885596,
        0,
        -0.5096555398978077,
        -0.3486966998367631,
        0.786550597339055,
        0,
        0.8392239674925281,
        -5.551115123125783e-17,
        0.5437859251452726,
        0,
        -1798,
        745.0306208464458,
        1320.0000000000002,
        1
      ],
      "mesh": 0
    },
    {
      "matrix": [
        -0.20115826689103322,
        0.9248795550205922,
        0.3226967002717984,
        0,
        -0.48926281384936465,
        -0.3802601855373646,
        0.7848720215928775,
        0,
        0.8486207931965828,
        0,
        0.5290016534514825,
        0,
        -1798,
        758.1364509185842,
        1430.0000000000002,
        1
      ],
      "mesh": 0
    },
    {
      "matrix": [
        -0.17644837653533307,
        0.9488485384286913,
        0.2618251736174005,
        0,
        -0.5302693096408233,
        -0.31573161248398396,
        0.7868468771821542,
        0,
        0.8292649936365879,
        -5.551115123125783e-17,
        0.5588555898699681,
        0,
        -1798,
        731.5168469677446,
        1540.0000000000002,
        1
      ],
      "mesh": 0
    },
    {
      "matrix": [
        -0.13803878813538661,
        0.9727834122782819,
        0.18611213223843304,
        0,
        -0.5795097581226778,
        -0.23171627650258442,
        0.7813296407051082,
        0,
        0.8031897242935255,
        -5.551115123125783e-17,
        0.5957233139548012,
        0,
        -1798,
        697.7306298310629,
        1650.0000000000002,
        1
      ],
      "mesh": 0
    },
    {
      "matrix": [
        0.44682773386299646,
        0.8553845642002088,
        -0.26203477551439225,
        0,
        -0.737865551849367,
        0.5179934819358433,
        0.43270911715147653,
        0,
        0.5058650053570499,
        -2.7755575615628914e-17,
        0.8626126571962133,
        0,
        -1769,
        396.79755450692704,
        -1540.0000000000002,
        1
      ],
      "mesh": 0
    },
    {
      "matrix": [
        0.4464691687983384,
        0.85559717106878,
        -0.26195183177756526,
        0,
        -0.7379570943322031,
        0.5176422324918062,
        0.4329732625297674,
        0,
        0.5060480295755461,
        2.7755575615628914e-17,
        0.8625052995563026,
        0,
        -1769,
        396.95629874398554,
        -1430.0000000000002,
        1
      ],
      "mesh": 0
    },
    {
      "matrix": [
        0.34923033507738244,
        0.9076597564268714,
        -0.2327916227548826,
        0,
        -0.7552471132886234,
        0.41970676258920636,
        0.5034362236729584,
        0,
        0.5546530184998009,
        -5.551115123125783e-17,
        0.8320817442229216,
        0,
        -1769,
        439.86112203096604,
        -1320.0000000000002,
        1
      ],
      "mesh": 0
    },
    {
      "matrix": [
        0.29411648427377024,
        0.9323587404699775,
        -0.21024431680231973,
        0,
        -0.7584949464443852,
        0.3615344783962342,
        0.5421975997264208,
        0,
        0.5815332405776701,
        -5.551115123125783e-17,
        0.8135226426493818,
        0,
        -1769,
        464.29976005533115,
        -1210.0000000000002,
        1
      ],
      "mesh": 0
    },
    {
      "matrix": [
        0.2299291606070638,
        0.9567585997824752,
        -0.17817284541929576,
        0,
        -0.7562718381097708,
        0.29088310666361705,
        0.5860374775897794,
        0,
        0.6125238672775123,
        5.551115123125783e-17,
        0.7904520934347636,
        0,
        -1769,
        493.205694040136,
        -1100.0000000000002,
        1
      ],
      "mesh": 0
    },
    {
      "matrix": [
        0.20718916921882746,
        0.9642484210315674,
        -0.16521994642458032,
        0,
        -0.7538937891040802,
        0.2649999670530718,
        0.6011814802637916,
        0,
        0.6234715734568055,
        0,
        0.7818460187858574,
        0,
        -1769,
        503.6238157312313,
        -990.0000000000001,
        1
      ],
      "mesh": 0
    },
    {
      "matrix": [
        0.16393939836735583,
        0.976753028497809,
        -0.13812094331891894,
        0,
        -0.7469795380632758,
        0.21436772453044006,
        0.6293393745781497,
        0,
        0.6443178124013993,
        0,
        0.7647578418180982,
        0,
        -1769,
        523.7903155833975,
        -880.0000000000001,
        1
      ],
      "mesh": 0
    },
    {
      "matrix": [
        0.046685217867650675,
        0.997850420586115,
        -0.04598943975266012,
        0,
        -0.7108641338389969,
        0.06553272568811375,
        0.7002696945357689,
        0,
        0.7017782225560883,
        0,
        0.7123954845070379,
        0,
        -1769,
        581.9647861474918,
        -770.0000000000001,
        1
      ],
      "mesh": 0
    },
    {
      "matrix": [
        0.027757678038026756,
        0.9992198976048056,
        -0.02809105801814793,
        0,
        -0.7023249860630149,
        0.039491723571423276,
        0.7107601689184223,
        0,
        0.7113150675063218,
        0,
        0.7028732992072446,
        0,
        -1769,
        592.04726744705,
        -660.0000000000001,
        1
      ],
      "mesh": 0
    },
    {
      "matrix": [
        0.04923386045632305,
        0.9976174381507623,
        -0.04832674292850264,
        0,
        -0.7119502885407636,
        0.06898874616566286,
        0.6988328409206408,
        0,
        0.7005018298557764,
        5.551115123125783e-17,
        0.7136506052465093,
        0,
        -1769,
        580.6255448347838,
        -550.0000000000001,
        1
      ],
      "mesh": 0
    },
    {
      "matrix": [
        0.019800843303734217,
        0.9995984218843154,
        -0.02027120052801973,
        0,
        -0.6984781699097894,
        0.028337165814284027,
        0.7150701022928346,
        0,
        0.7153573741591905,
        0,
        0.6987587761424309,
        0,
        -1769,
        596.3624803635253,
        -440,
        1
      ],
      "mesh": 0
    },
    {
      "matrix": [
        0.007882437099756556,
        0.9999352093932571,
        -0.00821244184343356,
        0,
        -0.6924180619672683,
        0.011383190047758895,
        0.721406716385306,
        0,
        0.7214534597927027,
        -5.551115123125783e-17,
        0.6924629270604594,
        0,
        -1769,
        602.9188003218107,
        -330,
        1
      ],
      "mesh": 0
    },
    {
      "matrix": [
        -0.021677442180457973,
        0.9994858496381691,
        0.023624666634261438,
        0,
        -0.6757412736729427,
        -0.03206300630114223,
        0.7364412364077682,
        0,
        0.7368200727147586,
        5.551115123125783e-17,
        0.6760888850178044,
        0,
        -1769,
        619.7187066981525,
        -220,
        1
      ],
      "mesh": 0
    },
    {
      "matrix": [
        -0.035651477736798665,
        0.9985744581170048,
        0.03972434683556281,
        0,
        -0.6669723527853473,
        -0.05337650790684556,
        0.7431681028028909,
        0,
        0.7442290324592024,
        -5.551115123125783e-17,
        0.6679245071449613,
        0,
        -1769,
        627.9668736702595,
        -110,
        1
      ],
      "mesh": 0
    },
    {
      "matrix": [
        -0.05363597593364333,
        0.9966616264141692,
        0.06155310324515506,
        0,
        -0.6547631375947762,
        -0.0816431407618734,
        0.7514117587671763,
        0,
        0.7539286542721995,
        -5.551115123125783e-17,
        0.6569563031643051,
        0,
        -1769,
        638.9210174467275,
        0,
        1
      ],
      "mesh": 0
    },
    {
      "matrix": [
        -0.07379313338156579,
        0.9934125523681251,
        0.0876702587151284,
        0,
        -0.6397177670969502,
        -0.11459276066771018,
        0.760019524527525,
        0,
        0.7650593126851164,
        -5.551115123125783e-17,
        0.6439598186795333,
        0,
        -1769,
        651.722762268954,
        110,
        1
      ],
      "mesh": 0
    },
    {
      "matrix": [
        0.006338985609802283,
        0.9999579985634354,
        -0.006619544580061587,
        0,
        -0.6916064176822597,
        0.00916521189109687,
        0.722216423180547,
        0,
        0.7222467585819616,
        0,
        0.6916354673654681,
        0,
        -1769,
        603.7763869155053,
        220,
        1
      ],
      "mesh": 0
    },
    {
      "matrix": [
        0.03263551906817841,
        0.9989290743269308,
        -0.0327967583686542,
        0,
        -0.7046067848922122,
        0.04626774756070717,
        0.7080879706784452,
        0,
        0.7088470932288644,
        0,
        0.7053621753546113,
        0,
        -1769,
        589.4250233999111,
        330,
        1
      ],
      "mesh": 0
    },
    {
      "matrix": [
        0.00033741309992008084,
        0.9999998798775425,
        -0.0003555239802638943,
        0,
        -0.6883903896437877,
        0.0004901478353929178,
        0.7253402175539239,
        0,
        0.7253403046835838,
        0,
        0.688390472334943,
        0,
        -1769,
        607.1304931936547,
        440,
        1
      ],
      "mesh": 0
    },
    {
      "matrix": [
        0.033734532271432194,
        0.9988574974502145,
        -0.03384791160356043,
        0,
        -0.7051129989615776,
        0.047788071602594906,
        0.7074828329421963,
        0,
        0.7082920584249395,
        5.551115123125783e-17,
        0.7059195138060443,
        0,
        -1769,
        588.8365664562073,
        550.0000000000002,
        1
      ],
      "mesh": 0
    },
    {
      "matrix": [
        0.051638136641520616,
        0.9973873904305279,
        -0.05051629691865095,
        0,
        -0.7129614156518578,
        0.07223844828193404,
        0.6974723122687503,
        0,
        0.6992993083336279,
        0,
        0.7148289846978153,
        0,
        -1769,
        579.3659614594699,
        660.0000000000002,
        1
      ],
      "mesh": 0
    },
    {
      "matrix": [
        0.04096385942647296,
        0.9983321312787251,
        -0.0406806818694897,
        0,
        -0.7083716118398079,
        0.05773175604880265,
        0.7034747357816016,
        0,
        0.7046499994751727,
        5.551115123125783e-17,
        0.7095550565246076,
        0,
        -1769,
        584.9866425543911,
        770.0000000000002,
        1
      ],
      "mesh": 0
    },
    {
      "matrix": [
        0.037235076617853524,
        0.9986148602590437,
        -0.0371740492692576,
        0,
        -0.7067062388141012,
        0.052615215193046794,
        0.7055479651670863,
        0,
        0.7065266032432814,
        0,
        0.707686483486516,
        0,
        -1769,
        586.967880609439,
        880.0000000000002,
        1
      ],
      "mesh": 0
    },
    {
      "matrix": [
        0.008123232942803149,
        0.9999312158918356,
        -0.008460293826581922,
        0,
        -0.6925441240101429,
        0.01172874609986696,
        0.7212801624985596,
        0,
        0.7213297785240678,
        -5.551115123125783e-17,
        0.6925917633169048,
        0,
        -1769,
        602.7851883996059,
        990.0000000000002,
        1
      ],
      "mesh": 0
    },
    {
      "matrix": [
        -0.06424827104393471,
        0.9951062188776434,
        0.07507178443932827,
        0,
        -0.6470317670507872,
        -0.09881099711590746,
        0.7560332527581681,
        0,
        0.7597513093736667,
        -5.551115123125783e-17,
        0.6502137709284532,
        0,
        -1769,
        645.5859276276714,
        1100.0000000000002,
        1
      ],
      "mesh": 0
    },
    {
      "matrix": [
        -0.1338925927727015,
        0.9747189683551855,
        0.17887343662267569,
        0,
        -0.5840982757062833,
        -0.22343440363695732,
        0.7803244655836082,
        0,
        0.8005635377142468,
        0,
        0.5992478803320458,
        0,
        -1769,
        694.442297926165,
        1210.0000000000002,
        1
      ],
      "mesh": 0
    },
    {
      "matrix": [
        -0.16683763501993698,
        0.9560363745631384,
        0.24116312747417318,
        0,
        -0.5439177458875801,
        -0.29324810402144097,
        0.7862309045035073,
        0,
        0.8223859734027128,
        0,
        0.5689299699879348,
        0,
        -1769,
        722.3903760206266,
        1320.0000000000002,
        1
      ],
      "mesh": 0
    },
    {
      "matrix": [
        -0.17131900665864253,
        0.9528039855444878,
        0.25062793756490087,
        0,
        -0.53768401280094,
        -0.30358617414259803,
        0.7865947732140984,
        0,
        0.8255578116254335,
        0,
        0.5643175521496964,
        0,
        -1769,
        726.5782472598909,
        1430.0000000000002,
        1
      ],
      "mesh": 0
    },
    {
      "matrix": [
        -0.1284070570786029,
        0.9771255237601326,
        0.16952090876614367,
        0,
        -0.5899925798181349,
        -0.21266337441244287,
        0.7788986101817457,
        0,
        0.7971326009215495,
        5.551115123125783e-17,
        0.6038042866260936,
        0,
        -1769,
        690.1751737200764,
        1540.0000000000002,
        1
      ],
      "mesh": 0
    },
    {
      "matrix": [
        -0.06493000133210325,
        0.994994753909845,
        0.07595745268832738,
        0,
        -0.6465209556387966,
        -0.09992717193980027,
        0.756323485175497,
        0,
        0.760128113443326,
        0,
        0.6497732305605473,
        0,
        -1769,
        646.0196229788522,
        1650.0000000000002,
        1
      ],
      "mesh": 0
    },
    {
      "matrix": [
        0.35177738161194616,
        0.9064351157906358,
        -0.23372645260616048,
        0,
        -0.7549830079401441,
        0.422345096883599,
        0.5016226438868522,
        0,
        0.5534016005649924,
        0,
        0.8329145625405432,
        0,
        -1740,
        438.7365242487009,
        -1540.0000000000002,
        1
      ],
      "mesh": 0
    },
    {
      "matrix": [
        0.35364582739136996,
        0.9055320657407434,
        -0.23440628550441062,
        0,
        -0.7547828644037246,
        0.42427783104388317,
        0.500291064968391,
        0,
        0.5524829919293281,
        0,
        0.83352417099255,
        0,
        -1740,
        437.9117229567569,
        -1430.0000000000002,
        1
      ],
      "mesh": 0
    },
